modal_amplitude : [1.000000000000e-07,1.139117517188e-07,1.297588734799e-07,1.797042689280e-07,2.488741398295e-07,3.446682759862e-07,4.773345669485e-07,6.610650599266e-07,9.155226769916e-07,1.267921561682e-06,1.755970750827e-06,2.431874594338e-06,3.367943667119e-06,4.664047021020e-06,6.458187557759e-06,8.941117065180e-06,1.237641470511e-05,1.712294586826e-05,2.365419425541e-05,3.252804720569e-05,4.363704143422e-05,5.638837185921e-05,6.986102386213e-05] 
displacement_amplitude : [9.734289991825e-08,1.108849756219e-07,1.263109894751e-07,1.749289572034e-07,2.422598626711e-07,3.355066083952e-07,4.646458264993e-07,6.434897083202e-07,8.911704910326e-07,1.234170582254e-06,1.709168987128e-06,2.366921993254e-06,3.277674526475e-06,4.538327608325e-06,6.282423901970e-06,8.694040658290e-06,1.202787312011e-05,1.662928799377e-05,2.295289481603e-05,3.153035464416e-05,4.223843202779e-05,5.448957296022e-05,6.739969435255e-05] 
acceleration_amplitude : [1.091128298345e-01,1.242921155024e-01,1.415831010981e-01,1.960770397467e-01,2.715391064564e-01,3.760382084530e-01,5.207400707931e-01,7.211006546490e-01,9.984634906613e-01,1.382238684001e+00,1.913068229348e+00,2.646521178688e+00,3.658748220146e+00,5.052251246061e+00,6.961786367284e+00,9.562897690442e+00,1.310783324349e+01,1.791352167918e+01,2.438184169013e+01,3.291897628103e+01,4.310441411655e+01,5.415628341828e+01,6.531469887547e+01] 
frequency_rad_per_s : [1.058731341480e+03,1.058730531340e+03,1.058729810456e+03,1.058723412636e+03,1.058706206148e+03,1.058681802346e+03,1.058642874177e+03,1.058588428117e+03,1.058487407995e+03,1.058288133440e+03,1.057968476910e+03,1.057415602654e+03,1.056533687724e+03,1.055102247862e+03,1.052680862702e+03,1.048778851554e+03,1.043929174174e+03,1.037895572871e+03,1.030657861607e+03,1.021783140948e+03,1.010199104612e+03,9.969370217453e+02,9.844110974185e+02] 
damping_factor_frac_crit : [8.727689736895e-04,8.732870859046e-04,8.735542566158e-04,8.812800046608e-04,8.932501125568e-04,9.059929278331e-04,9.287933461828e-04,9.554487935893e-04,1.027003457761e-03,1.147980404492e-03,1.327735962943e-03,1.635971466463e-03,2.113747709562e-03,2.881696426072e-03,4.260809958107e-03,6.150950790678e-03,7.900038193436e-03,9.863038501688e-03,1.219734288679e-02,1.525278866711e-02,2.073831367593e-02,2.630725269762e-02,3.063040217434e-02] 
