modal_amplitude : [1.000000000000e-07,1.139120173676e-07,1.297584271287e-07,1.831468666955e-07,3.512731334532e-07,6.737099871579e-07,1.292366140926e-06,2.476722761926e-06,4.731423826712e-06,8.999039557189e-06,1.403360582272e-05,1.834842185081e-05,2.343649383948e-05,3.121103201887e-05,3.400638593612e-05,3.838418782175e-05,4.428798880212e-05,4.813998374932e-05,5.126247123756e-05,5.524488511047e-05,5.983365659963e-05,6.612842430906e-05] 
displacement_amplitude : [9.838957954002e-08,1.120774819748e-07,1.276685378902e-07,1.801965504705e-07,3.456136939089e-07,6.628771707511e-07,1.271586643400e-06,2.436863319912e-06,4.654695005924e-06,8.849656875820e-06,1.378110907058e-05,1.798557277669e-05,2.292752575288e-05,3.046053842426e-05,3.316388291487e-05,3.739250280915e-05,4.308711763366e-05,4.679816040502e-05,4.980426438155e-05,5.363553069025e-05,5.804618124059e-05,6.408999343544e-05] 
acceleration_amplitude : [1.267290666388e-01,1.443588984054e-01,1.644394378426e-01,2.320923022423e-01,4.451364361840e-01,8.536133421213e-01,1.636866421150e+00,3.132489350605e+00,5.955911291107e+00,1.114462744867e+01,1.689737948310e+01,2.155215907706e+01,2.684469018263e+01,3.465854736959e+01,3.738724484990e+01,4.157427539787e+01,4.708815114165e+01,5.061437687876e+01,5.343616825589e+01,5.699144458250e+01,6.102723297700e+01,6.646200043554e+01] 
frequency_rad_per_s : [1.134915600438e+03,1.134913068877e+03,1.134909024334e+03,1.134898786893e+03,1.134883028246e+03,1.134786253213e+03,1.134576126695e+03,1.133781108008e+03,1.131171606921e+03,1.122198183591e+03,1.107305848701e+03,1.094670098874e+03,1.082058156524e+03,1.066685496980e+03,1.061766563044e+03,1.054435640336e+03,1.045399042958e+03,1.039974178734e+03,1.035820231613e+03,1.030809806798e+03,1.025356792630e+03,1.018337157852e+03] 
damping_factor_frac_crit : [8.779562039979e-04,8.797140401396e-04,8.822346930100e-04,8.846896685690e-04,8.890647985611e-04,9.564389105676e-04,1.074547211145e-03,1.538052284778e-03,3.078124796678e-03,8.386452963274e-03,1.611454625048e-02,2.104501215886e-02,2.456079742182e-02,2.798795721181e-02,2.924151353427e-02,3.113625322953e-02,3.330270955559e-02,3.454347985576e-02,3.545773203813e-02,3.655423995987e-02,3.776980082351e-02,3.939926377489e-02] 
